 -180.00 0.00 1.731E-12 -90.00 7.842E-03 90.00 -999.9999 -111.1436 -111.1436 0.0000 -90.00 
 -178.00 0.00 0.000E+00 0.00 5.726E+00 90.00 -999.9999 -53.8749 -53.8749 0.0000 -90.00 
 -176.00 0.00 0.000E+00 0.00 2.260E+01 90.00 -999.9999 -41.9500 -41.9500 0.0000 -90.00 
 -174.00 0.00 0.000E+00 0.00 4.980E+01 90.00 -999.9999 -35.0879 -35.0879 0.0000 -90.00 
 -172.00 0.00 0.000E+00 0.00 8.598E+01 90.00 -999.9999 -30.3446 -30.3446 0.0000 -90.00 
 -170.00 0.00 0.000E+00 0.00 1.293E+02 90.00 -999.9999 -26.7978 -26.7978 0.0000 -90.00 
 -168.00 0.00 0.000E+00 0.00 1.777E+02 90.00 -999.9999 -24.0385 -24.0385 0.0000 -90.00 
 -166.00 0.00 0.000E+00 0.00 2.286E+02 90.00 -999.9999 -21.8505 -21.8505 0.0000 -90.00 
 -164.00 0.00 0.000E+00 0.00 2.794E+02 90.00 -999.9999 -20.1073 -20.1073 0.0000 -90.00 
 -162.00 0.00 0.000E+00 0.00 3.274E+02 90.00 -999.9999 -18.7305 -18.7305 0.0000 -90.00 
 -160.00 0.00 0.000E+00 0.00 3.699E+02 90.00 -999.9999 -17.6704 -17.6704 0.0000 -90.00 
 -158.00 0.00 0.000E+00 0.00 4.044E+02 90.00 -999.9999 -16.8966 -16.8966 0.0000 -90.00 
 -156.00 0.00 0.000E+00 0.00 4.285E+02 90.00 -999.9999 -16.3931 -16.3931 0.0000 -90.00 
 -154.00 0.00 0.000E+00 0.00 4.403E+02 90.00 -999.9999 -16.1571 -16.1571 0.0000 -90.00 
 -152.00 0.00 0.000E+00 0.00 4.382E+02 90.00 -999.9999 -16.1994 -16.1994 0.0000 -90.00 
 -150.00 0.00 0.000E+00 0.00 4.209E+02 90.00 -999.9999 -16.5486 -16.5486 0.0000 -90.00 
 -148.00 0.00 0.000E+00 0.00 3.878E+02 90.00 -999.9999 -17.2607 -17.2607 0.0000 -90.00 
 -146.00 0.00 0.000E+00 0.00 3.385E+02 90.00 -999.9999 -18.4412 -18.4412 0.0000 -90.00 
 -144.00 0.00 0.000E+00 0.00 2.732E+02 90.00 -999.9999 -20.3014 -20.3014 0.0000 -90.00 
 -142.00 0.00 0.000E+00 0.00 1.926E+02 90.00 -999.9999 -23.3398 -23.3398 0.0000 -90.00 
 -140.00 0.00 0.000E+00 0.00 9.748E+01 90.00 -999.9999 -29.2535 -29.2535 0.0000 -90.00 
 -138.00 0.00 0.000E+00 0.00 1.079E+01 -90.00 -999.9999 -48.3717 -48.3717 0.0000 90.00 
 -136.00 0.00 0.000E+00 0.00 1.307E+02 -90.00 -999.9999 -26.7057 -26.7057 0.0000 90.00 
 -134.00 0.00 0.000E+00 0.00 2.606E+02 -90.00 -999.9999 -20.7134 -20.7134 0.0000 90.00 
 -132.00 0.00 0.000E+00 0.00 3.986E+02 -90.00 -999.9999 -17.0224 -17.0224 0.0000 90.00 
 -130.00 0.00 0.000E+00 0.00 5.428E+02 -90.00 -999.9999 -14.3397 -14.3397 0.0000 90.00 
 -128.00 0.00 0.000E+00 0.00 6.914E+02 -90.00 -999.9999 -12.2376 -12.2376 0.0000 90.00 
 -126.00 0.00 0.000E+00 0.00 8.426E+02 -90.00 -999.9999 -10.5194 -10.5194 0.0000 90.00 
 -124.00 0.00 0.000E+00 0.00 9.949E+02 -90.00 -999.9999 -9.0769 -9.0769 0.0000 90.00 
 -122.00 0.00 0.000E+00 0.00 1.147E+03 -90.00 -999.9999 -7.8439 -7.8439 0.0000 90.00 
 -120.00 0.00 0.000E+00 0.00 1.297E+03 -90.00 -999.9999 -6.7760 -6.7760 0.0000 90.00 
 -118.00 0.00 0.000E+00 0.00 1.444E+03 -90.00 -999.9999 -5.8417 -5.8417 0.0000 90.00 
 -116.00 0.00 0.000E+00 0.00 1.588E+03 -90.00 -999.9999 -5.0177 -5.0177 0.0000 90.00 
 -114.00 0.00 0.000E+00 0.00 1.727E+03 -90.00 -999.9999 -4.2856 -4.2856 0.0000 90.00 
 -112.00 0.00 0.000E+00 0.00 1.862E+03 -90.00 -999.9999 -3.6309 -3.6309 0.0000 90.00 
 -110.00 0.00 0.000E+00 0.00 1.993E+03 -90.00 -999.9999 -3.0415 -3.0415 0.0000 90.00 
 -108.00 0.00 0.000E+00 0.00 2.120E+03 -90.00 -999.9999 -2.5072 -2.5072 0.0000 90.00 
 -106.00 0.00 0.000E+00 0.00 2.242E+03 -90.00 -999.9999 -2.0195 -2.0195 0.0000 90.00 
 -104.00 0.00 0.000E+00 0.00 2.361E+03 -90.00 -999.9999 -1.5708 -1.5708 0.0000 90.00 
 -102.00 0.00 0.000E+00 0.00 2.477E+03 -90.00 -999.9999 -1.1547 -1.1547 0.0000 90.00 
 -100.00 0.00 0.000E+00 0.00 2.590E+03 -90.00 -999.9999 -0.7657 -0.7657 0.0000 90.00 
 -98.00 0.00 0.000E+00 0.00 2.702E+03 -90.00 -999.9999 -0.3990 -0.3990 0.0000 90.00 
 -96.00 0.00 0.000E+00 0.00 2.812E+03 -90.00 -999.9999 -0.0507 -0.0507 0.0000 90.00 
 -94.00 0.00 0.000E+00 0.00 2.922E+03 -90.00 -999.9999 0.2823 0.2823 0.0000 90.00 
 -92.00 0.00 0.000E+00 0.00 3.032E+03 -90.00 -999.9999 0.6023 0.6023 0.0000 90.00 
 -90.00 0.00 0.000E+00 0.00 3.142E+03 -90.00 -999.9999 0.9108 0.9108 0.0000 90.00 
 -88.00 0.00 0.000E+00 0.00 3.251E+03 -90.00 -999.9999 1.2088 1.2088 0.0000 90.00 
 -86.00 0.00 0.000E+00 0.00 3.361E+03 -90.00 -999.9999 1.4960 1.4960 0.0000 90.00 
 -84.00 0.00 0.000E+00 0.00 3.469E+03 -90.00 -999.9999 1.7718 1.7718 0.0000 90.00 
 -82.00 0.00 0.000E+00 0.00 3.575E+03 -90.00 -999.9999 2.0345 2.0345 0.0000 90.00 
 -80.00 0.00 0.000E+00 0.00 3.679E+03 -90.00 -999.9999 2.2818 2.2818 0.0000 90.00 
 -78.00 0.00 0.000E+00 0.00 3.777E+03 -90.00 -999.9999 2.5105 2.5105 0.0000 90.00 
 -76.00 0.00 0.000E+00 0.00 3.868E+03 -90.00 -999.9999 2.7168 2.7168 0.0000 90.00 
 -74.00 0.00 0.000E+00 0.00 3.948E+03 -90.00 -999.9999 2.8959 2.8959 0.0000 90.00 
 -72.00 0.00 0.000E+00 0.00 4.015E+03 -90.00 -999.9999 3.0423 3.0423 0.0000 90.00 
 -70.00 0.00 0.000E+00 0.00 4.065E+03 -90.00 -999.9999 3.1495 3.1495 0.0000 90.00 
 -68.00 0.00 0.000E+00 0.00 4.093E+03 -90.00 -999.9999 3.2096 3.2096 0.0000 90.00 
 -66.00 0.00 0.000E+00 0.00 4.095E+03 -90.00 -999.9999 3.2137 3.2137 0.0000 90.00 
 -64.00 0.00 0.000E+00 0.00 4.066E+03 -90.00 -999.9999 3.1507 3.1507 0.0000 90.00 
 -62.00 0.00 0.000E+00 0.00 3.999E+03 -90.00 -999.9999 3.0073 3.0073 0.0000 90.00 
 -60.00 0.00 0.000E+00 0.00 3.890E+03 -90.00 -999.9999 2.7664 2.7664 0.0000 90.00 
 -58.00 0.00 0.000E+00 0.00 3.732E+03 -90.00 -999.9999 2.4060 2.4060 0.0000 90.00 
 -56.00 0.00 0.000E+00 0.00 3.519E+03 -90.00 -999.9999 1.8961 1.8961 0.0000 90.00 
 -54.00 0.00 0.000E+00 0.00 3.246E+03 -90.00 -999.9999 1.1940 1.1940 0.0000 90.00 
 -52.00 0.00 0.000E+00 0.00 2.906E+03 -90.00 -999.9999 0.2351 0.2351 0.0000 90.00 
 -50.00 0.00 0.000E+00 0.00 2.496E+03 -90.00 -999.9999 -1.0866 -1.0866 0.0000 90.00 
 -48.00 0.00 0.000E+00 0.00 2.011E+03 -90.00 -999.9999 -2.9657 -2.9657 0.0000 90.00 
 -46.00 0.00 0.000E+00 0.00 1.446E+03 -90.00 -999.9999 -5.8275 -5.8275 0.0000 90.00 
 -44.00 0.00 0.000E+00 0.00 8.008E+02 -90.00 -999.9999 -10.9621 -10.9621 0.0000 90.00 
 -42.00 0.00 0.000E+00 0.00 7.323E+01 -90.00 -999.9999 -31.7388 -31.7388 0.0000 90.00 
 -40.00 0.00 0.000E+00 0.00 7.359E+02 90.00 -999.9999 -11.6962 -11.6962 0.0000 -90.00 
 -38.00 0.00 0.000E+00 0.00 1.624E+03 90.00 -999.9999 -4.8187 -4.8187 0.0000 -90.00 
 -36.00 0.00 0.000E+00 0.00 2.588E+03 90.00 -999.9999 -0.7725 -0.7725 0.0000 -90.00 
 -34.00 0.00 0.000E+00 0.00 3.621E+03 90.00 -999.9999 2.1452 2.1452 0.0000 -90.00 
 -32.00 0.00 0.000E+00 0.00 4.716E+03 90.00 -999.9999 4.4394 4.4394 0.0000 -90.00 
 -30.00 0.00 0.000E+00 0.00 5.862E+03 90.00 -999.9999 6.3292 6.3292 0.0000 -90.00 
 -28.00 0.00 0.000E+00 0.00 7.048E+03 90.00 -999.9999 7.9297 7.9297 0.0000 -90.00 
 -26.00 0.00 0.000E+00 0.00 8.261E+03 90.00 -999.9999 9.3082 9.3082 0.0000 -90.00 
 -24.00 0.00 0.000E+00 0.00 9.484E+03 90.00 -999.9999 10.5078 10.5078 0.0000 -90.00 
 -22.00 0.00 0.000E+00 0.00 1.070E+04 90.00 -999.9999 11.5572 11.5572 0.0000 -90.00 
 -20.00 0.00 0.000E+00 0.00 1.190E+04 90.00 -999.9999 12.4767 12.4767 0.0000 -90.00 
 -18.00 0.00 0.000E+00 0.00 1.305E+04 90.00 -999.9999 13.2809 13.2809 0.0000 -90.00 
 -16.00 0.00 0.000E+00 0.00 1.415E+04 90.00 -999.9999 13.9804 13.9804 0.0000 -90.00 
 -14.00 0.00 0.000E+00 0.00 1.516E+04 90.00 -999.9999 14.5835 14.5835 0.0000 -90.00 
 -12.00 0.00 0.000E+00 0.00 1.609E+04 90.00 -999.9999 15.0964 15.0964 0.0000 -90.00 
 -10.00 0.00 0.000E+00 0.00 1.690E+04 90.00 -999.9999 15.5236 15.5236 0.0000 -90.00 
 -8.00 0.00 0.000E+00 0.00 1.758E+04 90.00 -999.9999 15.8689 15.8689 0.0000 -90.00 
 -6.00 0.00 0.000E+00 0.00 1.813E+04 90.00 -999.9999 16.1350 16.1350 0.0000 -90.00 
 -4.00 0.00 0.000E+00 0.00 1.853E+04 90.00 -999.9999 16.3237 16.3237 0.0000 -90.00 
 -2.00 0.00 0.000E+00 0.00 1.877E+04 90.00 -999.9999 16.4364 16.4364 0.0000 -90.00 
 0.00 0.00 0.000E+00 0.00 1.885E+04 90.00 -999.9999 16.4739 16.4739 0.0000 -90.00 
 2.00 0.00 0.000E+00 0.00 1.877E+04 90.00 -999.9999 16.4364 16.4364 0.0000 -90.00 
 4.00 0.00 0.000E+00 0.00 1.853E+04 90.00 -999.9999 16.3237 16.3237 0.0000 -90.00 
 6.00 0.00 0.000E+00 0.00 1.813E+04 90.00 -999.9999 16.1350 16.1350 0.0000 -90.00 
 8.00 0.00 0.000E+00 0.00 1.758E+04 90.00 -999.9999 15.8689 15.8689 0.0000 -90.00 
 10.00 0.00 0.000E+00 0.00 1.690E+04 90.00 -999.9999 15.5236 15.5236 0.0000 -90.00 
 12.00 0.00 0.000E+00 0.00 1.609E+04 90.00 -999.9999 15.0964 15.0964 0.0000 -90.00 
 14.00 0.00 0.000E+00 0.00 1.516E+04 90.00 -999.9999 14.5835 14.5835 0.0000 -90.00 
 16.00 0.00 0.000E+00 0.00 1.415E+04 90.00 -999.9999 13.9804 13.9804 0.0000 -90.00 
 18.00 0.00 0.000E+00 0.00 1.305E+04 90.00 -999.9999 13.2809 13.2809 0.0000 -90.00 
 20.00 0.00 0.000E+00 0.00 1.190E+04 90.00 -999.9999 12.4767 12.4767 0.0000 -90.00 
 22.00 0.00 0.000E+00 0.00 1.070E+04 90.00 -999.9999 11.5572 11.5572 0.0000 -90.00 
 24.00 0.00 0.000E+00 0.00 9.484E+03 90.00 -999.9999 10.5078 10.5078 0.0000 -90.00 
 26.00 0.00 0.000E+00 0.00 8.261E+03 90.00 -999.9999 9.3082 9.3082 0.0000 -90.00 
 28.00 0.00 0.000E+00 0.00 7.048E+03 90.00 -999.9999 7.9297 7.9297 0.0000 -90.00 
 30.00 0.00 0.000E+00 0.00 5.862E+03 90.00 -999.9999 6.3292 6.3292 0.0000 -90.00 
 32.00 0.00 0.000E+00 0.00 4.716E+03 90.00 -999.9999 4.4394 4.4394 0.0000 -90.00 
 34.00 0.00 0.000E+00 0.00 3.621E+03 90.00 -999.9999 2.1452 2.1452 0.0000 -90.00 
 36.00 0.00 0.000E+00 0.00 2.588E+03 90.00 -999.9999 -0.7725 -0.7725 0.0000 -90.00 
 38.00 0.00 0.000E+00 0.00 1.624E+03 90.00 -999.9999 -4.8187 -4.8187 0.0000 -90.00 
 40.00 0.00 0.000E+00 0.00 7.359E+02 90.00 -999.9999 -11.6962 -11.6962 0.0000 -90.00 
 42.00 0.00 0.000E+00 0.00 7.323E+01 -90.00 -999.9999 -31.7388 -31.7388 0.0000 90.00 
 44.00 0.00 0.000E+00 0.00 8.008E+02 -90.00 -999.9999 -10.9621 -10.9621 0.0000 90.00 
 46.00 0.00 0.000E+00 0.00 1.446E+03 -90.00 -999.9999 -5.8275 -5.8275 0.0000 90.00 
 48.00 0.00 0.000E+00 0.00 2.011E+03 -90.00 -999.9999 -2.9657 -2.9657 0.0000 90.00 
 50.00 0.00 0.000E+00 0.00 2.496E+03 -90.00 -999.9999 -1.0866 -1.0866 0.0000 90.00 
 52.00 0.00 0.000E+00 0.00 2.906E+03 -90.00 -999.9999 0.2351 0.2351 0.0000 90.00 
 54.00 0.00 0.000E+00 0.00 3.246E+03 -90.00 -999.9999 1.1940 1.1940 0.0000 90.00 
 56.00 0.00 0.000E+00 0.00 3.519E+03 -90.00 -999.9999 1.8961 1.8961 0.0000 90.00 
 58.00 0.00 0.000E+00 0.00 3.732E+03 -90.00 -999.9999 2.4060 2.4060 0.0000 90.00 
 60.00 0.00 0.000E+00 0.00 3.890E+03 -90.00 -999.9999 2.7664 2.7664 0.0000 90.00 
 62.00 0.00 0.000E+00 0.00 3.999E+03 -90.00 -999.9999 3.0073 3.0073 0.0000 90.00 
 64.00 0.00 0.000E+00 0.00 4.066E+03 -90.00 -999.9999 3.1507 3.1507 0.0000 90.00 
 66.00 0.00 0.000E+00 0.00 4.095E+03 -90.00 -999.9999 3.2137 3.2137 0.0000 90.00 
 68.00 0.00 0.000E+00 0.00 4.093E+03 -90.00 -999.9999 3.2096 3.2096 0.0000 90.00 
 70.00 0.00 0.000E+00 0.00 4.065E+03 -90.00 -999.9999 3.1495 3.1495 0.0000 90.00 
 72.00 0.00 0.000E+00 0.00 4.015E+03 -90.00 -999.9999 3.0423 3.0423 0.0000 90.00 
 74.00 0.00 0.000E+00 0.00 3.948E+03 -90.00 -999.9999 2.8959 2.8959 0.0000 90.00 
 76.00 0.00 0.000E+00 0.00 3.868E+03 -90.00 -999.9999 2.7168 2.7168 0.0000 90.00 
 78.00 0.00 0.000E+00 0.00 3.777E+03 -90.00 -999.9999 2.5105 2.5105 0.0000 90.00 
 80.00 0.00 0.000E+00 0.00 3.679E+03 -90.00 -999.9999 2.2818 2.2818 0.0000 90.00 
 82.00 0.00 0.000E+00 0.00 3.575E+03 -90.00 -999.9999 2.0345 2.0345 0.0000 90.00 
 84.00 0.00 0.000E+00 0.00 3.469E+03 -90.00 -999.9999 1.7718 1.7718 0.0000 90.00 
 86.00 0.00 0.000E+00 0.00 3.361E+03 -90.00 -999.9999 1.4960 1.4960 0.0000 90.00 
 88.00 0.00 0.000E+00 0.00 3.251E+03 -90.00 -999.9999 1.2088 1.2088 0.0000 90.00 
 90.00 0.00 0.000E+00 0.00 3.142E+03 -90.00 -999.9999 0.9108 0.9108 0.0000 90.00 
 92.00 0.00 0.000E+00 0.00 3.032E+03 -90.00 -999.9999 0.6023 0.6023 0.0000 90.00 
 94.00 0.00 0.000E+00 0.00 2.922E+03 -90.00 -999.9999 0.2823 0.2823 0.0000 90.00 
 96.00 0.00 0.000E+00 0.00 2.812E+03 -90.00 -999.9999 -0.0507 -0.0507 0.0000 90.00 
 98.00 0.00 0.000E+00 0.00 2.702E+03 -90.00 -999.9999 -0.3990 -0.3990 0.0000 90.00 
 100.00 0.00 0.000E+00 0.00 2.590E+03 -90.00 -999.9999 -0.7657 -0.7657 0.0000 90.00 
 102.00 0.00 0.000E+00 0.00 2.477E+03 -90.00 -999.9999 -1.1547 -1.1547 0.0000 90.00 
 104.00 0.00 0.000E+00 0.00 2.361E+03 -90.00 -999.9999 -1.5708 -1.5708 0.0000 90.00 
 106.00 0.00 0.000E+00 0.00 2.242E+03 -90.00 -999.9999 -2.0195 -2.0195 0.0000 90.00 
 108.00 0.00 0.000E+00 0.00 2.120E+03 -90.00 -999.9999 -2.5072 -2.5072 0.0000 90.00 
 110.00 0.00 0.000E+00 0.00 1.993E+03 -90.00 -999.9999 -3.0415 -3.0415 0.0000 90.00 
 112.00 0.00 0.000E+00 0.00 1.862E+03 -90.00 -999.9999 -3.6309 -3.6309 0.0000 90.00 
 114.00 0.00 0.000E+00 0.00 1.727E+03 -90.00 -999.9999 -4.2856 -4.2856 0.0000 90.00 
 116.00 0.00 0.000E+00 0.00 1.588E+03 -90.00 -999.9999 -5.0177 -5.0177 0.0000 90.00 
 118.00 0.00 0.000E+00 0.00 1.444E+03 -90.00 -999.9999 -5.8417 -5.8417 0.0000 90.00 
 120.00 0.00 0.000E+00 0.00 1.297E+03 -90.00 -999.9999 -6.7760 -6.7760 0.0000 90.00 
 122.00 0.00 0.000E+00 0.00 1.147E+03 -90.00 -999.9999 -7.8439 -7.8439 0.0000 90.00 
 124.00 0.00 0.000E+00 0.00 9.949E+02 -90.00 -999.9999 -9.0769 -9.0769 0.0000 90.00 
 126.00 0.00 0.000E+00 0.00 8.426E+02 -90.00 -999.9999 -10.5194 -10.5194 0.0000 90.00 
 128.00 0.00 0.000E+00 0.00 6.914E+02 -90.00 -999.9999 -12.2376 -12.2376 0.0000 90.00 
 130.00 0.00 0.000E+00 0.00 5.428E+02 -90.00 -999.9999 -14.3397 -14.3397 0.0000 90.00 
 132.00 0.00 0.000E+00 0.00 3.986E+02 -90.00 -999.9999 -17.0224 -17.0224 0.0000 90.00 
 134.00 0.00 0.000E+00 0.00 2.606E+02 -90.00 -999.9999 -20.7134 -20.7134 0.0000 90.00 
 136.00 0.00 0.000E+00 0.00 1.307E+02 -90.00 -999.9999 -26.7057 -26.7057 0.0000 90.00 
 138.00 0.00 0.000E+00 0.00 1.079E+01 -90.00 -999.9999 -48.3717 -48.3717 0.0000 90.00 
 140.00 0.00 0.000E+00 0.00 9.748E+01 90.00 -999.9999 -29.2535 -29.2535 0.0000 -90.00 
 142.00 0.00 0.000E+00 0.00 1.926E+02 90.00 -999.9999 -23.3398 -23.3398 0.0000 -90.00 
 144.00 0.00 0.000E+00 0.00 2.732E+02 90.00 -999.9999 -20.3014 -20.3014 0.0000 -90.00 
 146.00 0.00 0.000E+00 0.00 3.385E+02 90.00 -999.9999 -18.4412 -18.4412 0.0000 -90.00 
 148.00 0.00 0.000E+00 0.00 3.878E+02 90.00 -999.9999 -17.2607 -17.2607 0.0000 -90.00 
 150.00 0.00 0.000E+00 0.00 4.209E+02 90.00 -999.9999 -16.5486 -16.5486 0.0000 -90.00 
 152.00 0.00 0.000E+00 0.00 4.382E+02 90.00 -999.9999 -16.1994 -16.1994 0.0000 -90.00 
 154.00 0.00 0.000E+00 0.00 4.403E+02 90.00 -999.9999 -16.1571 -16.1571 0.0000 -90.00 
 156.00 0.00 0.000E+00 0.00 4.285E+02 90.00 -999.9999 -16.3931 -16.3931 0.0000 -90.00 
 158.00 0.00 0.000E+00 0.00 4.044E+02 90.00 -999.9999 -16.8966 -16.8966 0.0000 -90.00 
 160.00 0.00 0.000E+00 0.00 3.699E+02 90.00 -999.9999 -17.6704 -17.6704 0.0000 -90.00 
 162.00 0.00 0.000E+00 0.00 3.274E+02 90.00 -999.9999 -18.7305 -18.7305 0.0000 -90.00 
 164.00 0.00 0.000E+00 0.00 2.794E+02 90.00 -999.9999 -20.1073 -20.1073 0.0000 -90.00 
 166.00 0.00 0.000E+00 0.00 2.286E+02 90.00 -999.9999 -21.8505 -21.8505 0.0000 -90.00 
 168.00 0.00 0.000E+00 0.00 1.777E+02 90.00 -999.9999 -24.0385 -24.0385 0.0000 -90.00 
 170.00 0.00 0.000E+00 0.00 1.293E+02 90.00 -999.9999 -26.7978 -26.7978 0.0000 -90.00 
 172.00 0.00 0.000E+00 0.00 8.598E+01 90.00 -999.9999 -30.3446 -30.3446 0.0000 -90.00 
 174.00 0.00 0.000E+00 0.00 4.980E+01 90.00 -999.9999 -35.0879 -35.0879 0.0000 -90.00 
 176.00 0.00 0.000E+00 0.00 2.260E+01 90.00 -999.9999 -41.9500 -41.9500 0.0000 -90.00 
 178.00 0.00 0.000E+00 0.00 5.726E+00 90.00 -999.9999 -53.8749 -53.8749 0.0000 -90.00 
 180.00 0.00 1.731E-12 -90.00 7.842E-03 90.00 -999.9999 -111.1436 -111.1436 0.0000 -90.00 
 -180.00 90.00 7.842E-03 -90.00 1.731E-12 -90.00 -111.1436 -999.9999 -111.1436 0.00000.00 
 -178.00 90.00 5.665E+00 90.00 0.000E+00 0.00 -53.9685 -999.9999 -53.9685 0.0000 180.00 
 -176.00 90.00 2.186E+01 90.00 0.000E+00 0.00 -42.2379 -999.9999 -42.2379 0.0000 180.00 
 -174.00 90.00 4.622E+01 90.00 0.000E+00 0.00 -35.7350 -999.9999 -35.7350 0.0000 180.00 
 -172.00 90.00 7.511E+01 90.00 0.000E+00 0.00 -31.5185 -999.9999 -31.5185 0.0000 180.00 
 -170.00 90.00 1.040E+02 90.00 0.000E+00 0.00 -28.6894 -999.9999 -28.6894 0.0000 180.00 
 -168.00 90.00 1.281E+02 90.00 0.000E+00 0.00 -26.8783 -999.9999 -26.8783 0.0000 180.00 
 -166.00 90.00 1.428E+02 90.00 0.000E+00 0.00 -25.9354 -999.9999 -25.9354 0.0000 180.00 
 -164.00 90.00 1.442E+02 90.00 0.000E+00 0.00 -25.8518 -999.9999 -25.8518 0.0000 180.00 
 -162.00 90.00 1.296E+02 90.00 0.000E+00 0.00 -26.7818 -999.9999 -26.7818 0.0000 180.00 
 -160.00 90.00 9.769E+01 90.00 0.000E+00 0.00 -29.2352 -999.9999 -29.2352 0.0000 180.00 
 -158.00 90.00 4.899E+01 90.00 0.000E+00 0.00 -35.2297 -999.9999 -35.2297 0.0000 180.00 
 -156.00 90.00 1.445E+01 -90.00 0.000E+00 0.00 -45.8341 -999.9999 -45.8341 0.00000.00 
 -154.00 90.00 8.911E+01 -90.00 0.000E+00 0.00 -30.0338 -999.9999 -30.0338 0.00000.00 
 -152.00 90.00 1.703E+02 -90.00 0.000E+00 0.00 -24.4086 -999.9999 -24.4086 0.00000.00 
 -150.00 90.00 2.525E+02 -90.00 0.000E+00 0.00 -20.9858 -999.9999 -20.9858 0.00000.00 
 -148.00 90.00 3.301E+02 -90.00 0.000E+00 0.00 -18.6594 -999.9999 -18.6594 0.00000.00 
 -146.00 90.00 3.974E+02 -90.00 0.000E+00 0.00 -17.0486 -999.9999 -17.0486 0.00000.00 
 -144.00 90.00 4.493E+02 -90.00 0.000E+00 0.00 -15.9819 -999.9999 -15.9819 0.00000.00 
 -142.00 90.00 4.817E+02 -90.00 0.000E+00 0.00 -15.3762 -999.9999 -15.3762 0.00000.00 
 -140.00 90.00 4.917E+02 -90.00 0.000E+00 0.00 -15.1977 -999.9999 -15.1977 0.00000.00 
 -138.00 90.00 4.776E+02 -90.00 0.000E+00 0.00 -15.4509 -999.9999 -15.4509 0.00000.00 
 -136.00 90.00 4.390E+02 -90.00 0.000E+00 0.00 -16.1833 -999.9999 -16.1833 0.00000.00 
 -134.00 90.00 3.767E+02 -90.00 0.000E+00 0.00 -17.5114 -999.9999 -17.5114 0.00000.00 
 -132.00 90.00 2.929E+02 -90.00 0.000E+00 0.00 -19.6992 -999.9999 -19.6992 0.00000.00 
 -130.00 90.00 1.901E+02 -90.00 0.000E+00 0.00 -23.4503 -999.9999 -23.4503 0.00000.00 
 -128.00 90.00 7.208E+01 -90.00 0.000E+00 0.00 -31.8755 -999.9999 -31.8755 0.00000.00 
 -126.00 90.00 5.754E+01 90.00 0.000E+00 0.00 -33.8322 -999.9999 -33.8322 0.0000 180.00 
 -124.00 90.00 1.948E+02 90.00 0.000E+00 0.00 -23.2389 -999.9999 -23.2389 0.0000 180.00 
 -122.00 90.00 3.360E+02 90.00 0.000E+00 0.00 -18.5049 -999.9999 -18.5049 0.0000 180.00 
 -120.00 90.00 4.777E+02 90.00 0.000E+00 0.00 -15.4499 -999.9999 -15.4499 0.0000 180.00 
 -118.00 90.00 6.168E+02 90.00 0.000E+00 0.00 -13.2299 -999.9999 -13.2299 0.0000 180.00 
 -116.00 90.00 7.509E+02 90.00 0.000E+00 0.00 -11.5204 -999.9999 -11.5204 0.0000 180.00 
 -114.00 90.00 8.783E+02 90.00 0.000E+00 0.00 -10.1592 -999.9999 -10.1592 0.0000 180.00 
 -112.00 90.00 9.978E+02 90.00 0.000E+00 0.00 -9.0516 -999.9999 -9.0516 0.0000 180.00 
 -110.00 90.00 1.109E+03 90.00 0.000E+00 0.00 -8.1360 -999.9999 -8.1360 0.0000 180.00 
 -108.00 90.00 1.211E+03 90.00 0.000E+00 0.00 -7.3693 -999.9999 -7.3693 0.0000 180.00 
 -106.00 90.00 1.305E+03 90.00 0.000E+00 0.00 -6.7193 -999.9999 -6.7193 0.0000 180.00 
 -104.00 90.00 1.392E+03 90.00 0.000E+00 0.00 -6.1610 -999.9999 -6.1610 0.0000 180.00 
 -102.00 90.00 1.472E+03 90.00 0.000E+00 0.00 -5.6741 -999.9999 -5.6741 0.0000 180.00 
 -100.00 90.00 1.547E+03 90.00 0.000E+00 0.00 -5.2424 -999.9999 -5.2424 0.0000 180.00 
 -98.00 90.00 1.618E+03 90.00 0.000E+00 0.00 -4.8522 -999.9999 -4.8522 0.0000 180.00 
 -96.00 90.00 1.686E+03 90.00 0.000E+00 0.00 -4.4928 -999.9999 -4.4928 0.0000 180.00 
 -94.00 90.00 1.753E+03 90.00 0.000E+00 0.00 -4.1557 -999.9999 -4.1557 0.0000 180.00 
 -92.00 90.00 1.819E+03 90.00 0.000E+00 0.00 -3.8348 -999.9999 -3.8348 0.0000 180.00 
 -90.00 90.00 1.885E+03 90.00 0.000E+00 0.00 -3.5261 -999.9999 -3.5261 0.0000 180.00 
 -88.00 90.00 1.951E+03 90.00 0.000E+00 0.00 -3.2283 -999.9999 -3.2283 0.0000 180.00 
 -86.00 90.00 2.016E+03 90.00 0.000E+00 0.00 -2.9420 -999.9999 -2.9420 0.0000 180.00 
 -84.00 90.00 2.080E+03 90.00 0.000E+00 0.00 -2.6703 -999.9999 -2.6703 0.0000 180.00 
 -82.00 90.00 2.141E+03 90.00 0.000E+00 0.00 -2.4187 -999.9999 -2.4187 0.0000 180.00 
 -80.00 90.00 2.197E+03 90.00 0.000E+00 0.00 -2.1949 -999.9999 -2.1949 0.0000 180.00 
 -78.00 90.00 2.245E+03 90.00 0.000E+00 0.00 -2.0089 -999.9999 -2.0089 0.0000 180.00 
 -76.00 90.00 2.280E+03 90.00 0.000E+00 0.00 -1.8734 -999.9999 -1.8734 0.0000 180.00 
 -74.00 90.00 2.298E+03 90.00 0.000E+00 0.00 -1.8039 -999.9999 -1.8039 0.0000 180.00 
 -72.00 90.00 2.294E+03 90.00 0.000E+00 0.00 -1.8198 -999.9999 -1.8198 0.0000 180.00 
 -70.00 90.00 2.261E+03 90.00 0.000E+00 0.00 -1.9451 -999.9999 -1.9451 0.0000 180.00 
 -68.00 90.00 2.193E+03 90.00 0.000E+00 0.00 -2.2110 -999.9999 -2.2110 0.0000 180.00 
 -66.00 90.00 2.083E+03 90.00 0.000E+00 0.00 -2.6599 -999.9999 -2.6599 0.0000 180.00 
 -64.00 90.00 1.923E+03 90.00 0.000E+00 0.00 -3.3519 -999.9999 -3.3519 0.0000 180.00 
 -62.00 90.00 1.708E+03 90.00 0.000E+00 0.00 -4.3808 -999.9999 -4.3808 0.0000 180.00 
 -60.00 90.00 1.433E+03 90.00 0.000E+00 0.00 -5.9075 -999.9999 -5.9075 0.0000 180.00 
 -58.00 90.00 1.094E+03 90.00 0.000E+00 0.00 -8.2550 -999.9999 -8.2550 0.0000 180.00 
 -56.00 90.00 6.891E+02 90.00 0.000E+00 0.00 -12.2659 -999.9999 -12.2659 0.0000 180.00 
 -54.00 90.00 2.216E+02 90.00 0.000E+00 0.00 -22.1189 -999.9999 -22.1189 0.0000 180.00 
 -52.00 90.00 3.030E+02 -90.00 0.000E+00 0.00 -19.4027 -999.9999 -19.4027 0.00000.00 
 -50.00 90.00 8.745E+02 -90.00 0.000E+00 0.00 -10.1972 -999.9999 -10.1972 0.00000.00 
 -48.00 90.00 1.477E+03 -90.00 0.000E+00 0.00 -5.6425 -999.9999 -5.6425 0.00000.00 
 -46.00 90.00 2.091E+03 -90.00 0.000E+00 0.00 -2.6254 -999.9999 -2.6254 0.00000.00 
 -44.00 90.00 2.689E+03 -90.00 0.000E+00 0.00 -0.4397 -999.9999 -0.4397 0.00000.00 
 -42.00 90.00 3.241E+03 -90.00 0.000E+00 0.001.1820 -999.9999 1.1820 0.00000.00 
 -40.00 90.00 3.712E+03 -90.00 0.000E+00 0.002.3597 -999.9999 2.3597 0.00000.00 
 -38.00 90.00 4.063E+03 -90.00 0.000E+00 0.003.1450 -999.9999 3.1450 0.00000.00 
 -36.00 90.00 4.256E+03 -90.00 0.000E+00 0.003.5471 -999.9999 3.5471 0.00000.00 
 -34.00 90.00 4.251E+03 -90.00 0.000E+00 0.003.5379 -999.9999 3.5379 0.00000.00 
 -32.00 90.00 4.015E+03 -90.00 0.000E+00 0.003.0407 -999.9999 3.0407 0.00000.00 
 -30.00 90.00 3.517E+03 -90.00 0.000E+00 0.001.8922 -999.9999 1.8922 0.00000.00 
 -28.00 90.00 2.739E+03 -90.00 0.000E+00 0.00 -0.2794 -999.9999 -0.2794 0.00000.00 
 -26.00 90.00 1.672E+03 -90.00 0.000E+00 0.00 -4.5683 -999.9999 -4.5683 0.00000.00 
 -24.00 90.00 3.199E+02 -90.00 0.000E+00 0.00 -18.9330 -999.9999 -18.9330 0.00000.00 
 -22.00 90.00 1.297E+03 90.00 0.000E+00 0.00 -6.7757 -999.9999 -6.7757 0.0000 180.00 
 -20.00 90.00 3.142E+03 90.00 0.000E+00 0.000.9122 -999.9999 0.9122 0.0000 180.00 
 -18.00 90.00 5.165E+03 90.00 0.000E+00 0.005.2299 -999.9999 5.2299 0.0000 180.00 
 -16.00 90.00 7.302E+03 90.00 0.000E+00 0.008.2363 -999.9999 8.2363 0.0000 180.00 
 -14.00 90.00 9.475E+03 90.00 0.000E+00 0.00 10.4991 -999.9999 10.4991 0.0000 180.00 
 -12.00 90.00 1.160E+04 90.00 0.000E+00 0.00 12.2573 -999.9999 12.2573 0.0000 180.00 
 -10.00 90.00 1.359E+04 90.00 0.000E+00 0.00 13.6330 -999.9999 13.6330 0.0000 180.00 
 -8.00 90.00 1.536E+04 90.00 0.000E+00 0.00 14.6965 -999.9999 14.6965 0.0000 180.00 
 -6.00 90.00 1.683E+04 90.00 0.000E+00 0.00 15.4905 -999.9999 15.4905 0.0000 180.00 
 -4.00 90.00 1.793E+04 90.00 0.000E+00 0.00 16.0417 -999.9999 16.0417 0.0000 180.00 
 -2.00 90.00 1.862E+04 90.00 0.000E+00 0.00 16.3665 -999.9999 16.3665 0.0000 180.00 
 0.00 90.00 1.885E+04 90.00 0.000E+00 0.00 16.4739 -999.9999 16.4739 0.0000 180.00 
 2.00 90.00 1.862E+04 90.00 0.000E+00 0.00 16.3665 -999.9999 16.3665 0.0000 180.00 
 4.00 90.00 1.793E+04 90.00 0.000E+00 0.00 16.0417 -999.9999 16.0417 0.0000 180.00 
 6.00 90.00 1.683E+04 90.00 0.000E+00 0.00 15.4905 -999.9999 15.4905 0.0000 180.00 
 8.00 90.00 1.536E+04 90.00 0.000E+00 0.00 14.6965 -999.9999 14.6965 0.0000 180.00 
 10.00 90.00 1.359E+04 90.00 0.000E+00 0.00 13.6330 -999.9999 13.6330 0.0000 180.00 
 12.00 90.00 1.160E+04 90.00 0.000E+00 0.00 12.2573 -999.9999 12.2573 0.0000 180.00 
 14.00 90.00 9.475E+03 90.00 0.000E+00 0.00 10.4991 -999.9999 10.4991 0.0000 180.00 
 16.00 90.00 7.302E+03 90.00 0.000E+00 0.008.2363 -999.9999 8.2363 0.0000 180.00 
 18.00 90.00 5.165E+03 90.00 0.000E+00 0.005.2299 -999.9999 5.2299 0.0000 180.00 
 20.00 90.00 3.142E+03 90.00 0.000E+00 0.000.9122 -999.9999 0.9122 0.0000 180.00 
 22.00 90.00 1.297E+03 90.00 0.000E+00 0.00 -6.7757 -999.9999 -6.7757 0.0000 180.00 
 24.00 90.00 3.199E+02 -90.00 0.000E+00 0.00 -18.9330 -999.9999 -18.9330 0.00000.00 
 26.00 90.00 1.672E+03 -90.00 0.000E+00 0.00 -4.5683 -999.9999 -4.5683 0.00000.00 
 28.00 90.00 2.739E+03 -90.00 0.000E+00 0.00 -0.2794 -999.9999 -0.2794 0.00000.00 
 30.00 90.00 3.517E+03 -90.00 0.000E+00 0.001.8922 -999.9999 1.8922 0.00000.00 
 32.00 90.00 4.015E+03 -90.00 0.000E+00 0.003.0407 -999.9999 3.0407 0.00000.00 
 34.00 90.00 4.251E+03 -90.00 0.000E+00 0.003.5379 -999.9999 3.5379 0.00000.00 
 36.00 90.00 4.256E+03 -90.00 0.000E+00 0.003.5471 -999.9999 3.5471 0.00000.00 
 38.00 90.00 4.063E+03 -90.00 0.000E+00 0.003.1450 -999.9999 3.1450 0.00000.00 
 40.00 90.00 3.712E+03 -90.00 0.000E+00 0.002.3597 -999.9999 2.3597 0.00000.00 
 42.00 90.00 3.241E+03 -90.00 0.000E+00 0.001.1820 -999.9999 1.1820 0.00000.00 
 44.00 90.00 2.689E+03 -90.00 0.000E+00 0.00 -0.4397 -999.9999 -0.4397 0.00000.00 
 46.00 90.00 2.091E+03 -90.00 0.000E+00 0.00 -2.6254 -999.9999 -2.6254 0.00000.00 
 48.00 90.00 1.477E+03 -90.00 0.000E+00 0.00 -5.6425 -999.9999 -5.6425 0.00000.00 
 50.00 90.00 8.745E+02 -90.00 0.000E+00 0.00 -10.1972 -999.9999 -10.1972 0.00000.00 
 52.00 90.00 3.030E+02 -90.00 0.000E+00 0.00 -19.4027 -999.9999 -19.4027 0.00000.00 
 54.00 90.00 2.216E+02 90.00 0.000E+00 0.00 -22.1189 -999.9999 -22.1189 0.0000 180.00 
 56.00 90.00 6.891E+02 90.00 0.000E+00 0.00 -12.2659 -999.9999 -12.2659 0.0000 180.00 
 58.00 90.00 1.094E+03 90.00 0.000E+00 0.00 -8.2550 -999.9999 -8.2550 0.0000 180.00 
 60.00 90.00 1.433E+03 90.00 0.000E+00 0.00 -5.9075 -999.9999 -5.9075 0.0000 180.00 
 62.00 90.00 1.708E+03 90.00 0.000E+00 0.00 -4.3808 -999.9999 -4.3808 0.0000 180.00 
 64.00 90.00 1.923E+03 90.00 0.000E+00 0.00 -3.3519 -999.9999 -3.3519 0.0000 180.00 
 66.00 90.00 2.083E+03 90.00 0.000E+00 0.00 -2.6599 -999.9999 -2.6599 0.0000 180.00 
 68.00 90.00 2.193E+03 90.00 0.000E+00 0.00 -2.2110 -999.9999 -2.2110 0.0000 180.00 
 70.00 90.00 2.261E+03 90.00 0.000E+00 0.00 -1.9451 -999.9999 -1.9451 0.0000 180.00 
 72.00 90.00 2.294E+03 90.00 0.000E+00 0.00 -1.8198 -999.9999 -1.8198 0.0000 180.00 
 74.00 90.00 2.298E+03 90.00 0.000E+00 0.00 -1.8039 -999.9999 -1.8039 0.0000 180.00 
 76.00 90.00 2.280E+03 90.00 0.000E+00 0.00 -1.8734 -999.9999 -1.8734 0.0000 180.00 
 78.00 90.00 2.245E+03 90.00 0.000E+00 0.00 -2.0089 -999.9999 -2.0089 0.0000 180.00 
 80.00 90.00 2.197E+03 90.00 0.000E+00 0.00 -2.1949 -999.9999 -2.1949 0.0000 180.00 
 82.00 90.00 2.141E+03 90.00 0.000E+00 0.00 -2.4187 -999.9999 -2.4187 0.0000 180.00 
 84.00 90.00 2.080E+03 90.00 0.000E+00 0.00 -2.6703 -999.9999 -2.6703 0.0000 180.00 
 86.00 90.00 2.016E+03 90.00 0.000E+00 0.00 -2.9420 -999.9999 -2.9420 0.0000 180.00 
 88.00 90.00 1.951E+03 90.00 0.000E+00 0.00 -3.2283 -999.9999 -3.2283 0.0000 180.00 
 90.00 90.00 1.885E+03 90.00 0.000E+00 0.00 -3.5261 -999.9999 -3.5261 0.0000 180.00 
 92.00 90.00 1.819E+03 90.00 0.000E+00 0.00 -3.8348 -999.9999 -3.8348 0.0000 180.00 
 94.00 90.00 1.753E+03 90.00 0.000E+00 0.00 -4.1557 -999.9999 -4.1557 0.0000 180.00 
 96.00 90.00 1.686E+03 90.00 0.000E+00 0.00 -4.4928 -999.9999 -4.4928 0.0000 180.00 
 98.00 90.00 1.618E+03 90.00 0.000E+00 0.00 -4.8522 -999.9999 -4.8522 0.0000 180.00 
 100.00 90.00 1.547E+03 90.00 0.000E+00 0.00 -5.2424 -999.9999 -5.2424 0.0000 180.00 
 102.00 90.00 1.472E+03 90.00 0.000E+00 0.00 -5.6741 -999.9999 -5.6741 0.0000 180.00 
 104.00 90.00 1.392E+03 90.00 0.000E+00 0.00 -6.1610 -999.9999 -6.1610 0.0000 180.00 
 106.00 90.00 1.305E+03 90.00 0.000E+00 0.00 -6.7193 -999.9999 -6.7193 0.0000 180.00 
 108.00 90.00 1.211E+03 90.00 0.000E+00 0.00 -7.3693 -999.9999 -7.3693 0.0000 180.00 
 110.00 90.00 1.109E+03 90.00 0.000E+00 0.00 -8.1360 -999.9999 -8.1360 0.0000 180.00 
 112.00 90.00 9.978E+02 90.00 0.000E+00 0.00 -9.0516 -999.9999 -9.0516 0.0000 180.00 
 114.00 90.00 8.783E+02 90.00 0.000E+00 0.00 -10.1592 -999.9999 -10.1592 0.0000 180.00 
 116.00 90.00 7.509E+02 90.00 0.000E+00 0.00 -11.5204 -999.9999 -11.5204 0.0000 180.00 
 118.00 90.00 6.168E+02 90.00 0.000E+00 0.00 -13.2299 -999.9999 -13.2299 0.0000 180.00 
 120.00 90.00 4.777E+02 90.00 0.000E+00 0.00 -15.4499 -999.9999 -15.4499 0.0000 180.00 
 122.00 90.00 3.360E+02 90.00 0.000E+00 0.00 -18.5049 -999.9999 -18.5049 0.0000 180.00 
 124.00 90.00 1.948E+02 90.00 0.000E+00 0.00 -23.2389 -999.9999 -23.2389 0.0000 180.00 
 126.00 90.00 5.754E+01 90.00 0.000E+00 0.00 -33.8322 -999.9999 -33.8322 0.0000 180.00 
 128.00 90.00 7.208E+01 -90.00 0.000E+00 0.00 -31.8755 -999.9999 -31.8755 0.00000.00 
 130.00 90.00 1.901E+02 -90.00 0.000E+00 0.00 -23.4503 -999.9999 -23.4503 0.00000.00 
 132.00 90.00 2.929E+02 -90.00 0.000E+00 0.00 -19.6992 -999.9999 -19.6992 0.00000.00 
 134.00 90.00 3.767E+02 -90.00 0.000E+00 0.00 -17.5114 -999.9999 -17.5114 0.00000.00 
 136.00 90.00 4.390E+02 -90.00 0.000E+00 0.00 -16.1833 -999.9999 -16.1833 0.00000.00 
 138.00 90.00 4.776E+02 -90.00 0.000E+00 0.00 -15.4509 -999.9999 -15.4509 0.00000.00 
 140.00 90.00 4.917E+02 -90.00 0.000E+00 0.00 -15.1977 -999.9999 -15.1977 0.00000.00 
 142.00 90.00 4.817E+02 -90.00 0.000E+00 0.00 -15.3762 -999.9999 -15.3762 0.00000.00 
 144.00 90.00 4.493E+02 -90.00 0.000E+00 0.00 -15.9819 -999.9999 -15.9819 0.00000.00 
 146.00 90.00 3.974E+02 -90.00 0.000E+00 0.00 -17.0486 -999.9999 -17.0486 0.00000.00 
 148.00 90.00 3.301E+02 -90.00 0.000E+00 0.00 -18.6594 -999.9999 -18.6594 0.00000.00 
 150.00 90.00 2.525E+02 -90.00 0.000E+00 0.00 -20.9858 -999.9999 -20.9858 0.00000.00 
 152.00 90.00 1.703E+02 -90.00 0.000E+00 0.00 -24.4086 -999.9999 -24.4086 0.00000.00 
 154.00 90.00 8.911E+01 -90.00 0.000E+00 0.00 -30.0338 -999.9999 -30.0338 0.00000.00 
 156.00 90.00 1.445E+01 -90.00 0.000E+00 0.00 -45.8341 -999.9999 -45.8341 0.00000.00 
 158.00 90.00 4.899E+01 90.00 0.000E+00 0.00 -35.2297 -999.9999 -35.2297 0.0000 180.00 
 160.00 90.00 9.769E+01 90.00 0.000E+00 0.00 -29.2352 -999.9999 -29.2352 0.0000 180.00 
 162.00 90.00 1.296E+02 90.00 0.000E+00 0.00 -26.7818 -999.9999 -26.7818 0.0000 180.00 
 164.00 90.00 1.442E+02 90.00 0.000E+00 0.00 -25.8518 -999.9999 -25.8518 0.0000 180.00 
 166.00 90.00 1.428E+02 90.00 0.000E+00 0.00 -25.9354 -999.9999 -25.9354 0.0000 180.00 
 168.00 90.00 1.281E+02 90.00 0.000E+00 0.00 -26.8783 -999.9999 -26.8783 0.0000 180.00 
 170.00 90.00 1.040E+02 90.00 0.000E+00 0.00 -28.6894 -999.9999 -28.6894 0.0000 180.00 
 172.00 90.00 7.511E+01 90.00 0.000E+00 0.00 -31.5185 -999.9999 -31.5185 0.0000 180.00 
 174.00 90.00 4.622E+01 90.00 0.000E+00 0.00 -35.7350 -999.9999 -35.7350 0.0000 180.00 
 176.00 90.00 2.186E+01 90.00 0.000E+00 0.00 -42.2379 -999.9999 -42.2379 0.0000 180.00 
 178.00 90.00 5.665E+00 90.00 0.000E+00 0.00 -53.9685 -999.9999 -53.9685 0.0000 180.00 
 180.00 90.00 7.842E-03 -90.00 1.731E-12 -90.00 -111.1436 -999.9999 -111.1436 0.00000.00 
